# Created by Octave 4.0.0, Sat Aug 27 20:54:21 2016 Central European Summer Time <unknown@user-Komputer>
# name: X
# type: matrix
# rows: 4
# columns: 1
 1.5
 3
 4.6
 3.8


